577
0 1 3 4 5 10 12 16 17 23 24 30 32 34 40 41 47 49 53 54 55 68 71 75 76 78 79 83 88 90 96 97 98 103 104 105 112 116 117 121 122 125 129 143 144 148 152 157 158 161 164 165 166 171 179 182 183 189 191 193 198 199 207 211 216 220 221 222 223 224 237 238 241 246 255 257 267 268 269 276 278 280 282 289 290 293 294 295 300 303 305 308 309 314 319 320 324 327 333 335 340 344 348 349 351 357 368 371 372 375 376 377 378 379 385 389 390 403 405 406 409 411 416 417 419 421 425 430 434 436 437 440 442 445 446 454 456 457 458 464 465 469 470 471 473 479 480 483 485 486 487 490 496 499 502 504 506 507 511 520 522 525 526 537 540 541 542 543 546 548 550 552 554 556 563 566 568 570 575 576 577 579 580 588 592 593 601 603 604 606 611 615 619 622 623 624 628 636 637 641 645 648 649 665 672 673 675 680 681 682 685 692 694 696 705 709 710 712 714 715 716 717 722 723 725 736 737 740 744 748 752 754 755 759 764 766 771 775 778 779 783 790 793 796 798 806 811 815 817 819 820 822 824 826 828 829 834 835 843 844 845 848 850 853 854 857 860 869 870 871 872 876 877 881 885 888 897 907 909 911 912 918 921 932 939 940 951 953 954 955 963 980 985 986 991 993 996 997 1000 1002 1005 1013 1015 1018 1020 1025 1030 1035 1040 1041 1047 1052 1053 1054 1055 1056 1059 1063 1068 1069 1080 1084 1090 1094 1099 1100 1104 1107 1110 1111 1115 1125 1132 1133 1134 1135 1145 1151 1156 1157 1158 1160 1166 1167 1170 1171 1177 1185 1192 1194 1195 1196 1203 1217 1223 1224 1226 1228 1230 1235 1237 1238 1239 1244 1245 1248 1249 1250 1251 1252 1259 1261 1268 1274 1275 1279 1284 1286 1291 1299 1305 1310 1312 1316 1319 1323 1330 1339 1340 1345 1353 1355 1356 1366 1367 1368 1371 1372 1373 1380 1389 1396 1400 1406 1407 1408 1409 1410 1411 1413 1417 1418 1426 1428 1430 1436 1437 1438 1439 1441 1447 1450 1455 1460 1465 1467 1477 1479 1483 1486 1488 1490 1492 1494 1495 1505 1506 1507 1512 1514 1523 1525 1528 1529 1531 1533 1535 1540 1544 1545 1551 1556 1558 1562 1565 1570 1572 1578 1581 1586 1592 1594 1597 1601 1603 1606 1608 1609 1618 1620 1632 1636 1639 1641 1648 1651 1654 1656 1661 1663 1670 1673 1674 1676 1679 1685 1689 1698 1699 1700 1707 1713 1717 1724 1728 1729 1731 1736 1737 1742 1743 1749 1752 1754 1755 1756 1759 1761 1766 1769 1771 1775 1776 1780 1785 1787 1790 1799 1800 1801 1804 1808 1816 1822 1826 1828 1835 1836 1839 1841 1842 1843 1847 1848 1851 1855 1856 1862 1866 1870 1875 1878 1881 1884 1885 1892 1895 1904 1905 1909 1911 1912 1914 1916 1920 1921 1922 1924 1927 1930 1932 1933 1937 1940 1944 1946 1948 1952 1961 1967 1974 1977 1978 1981 1983 1992 1998
26
symmetric_difference_update 93
1105 1525 447 319 1188 1977 1997 456 1058 1234 916 748 161 1800 1030 1453 1466 1068 1622 1259 856 1657 1724 1282 832 1698 970 1473 1191 1138 172 746 872 531 1019 1308 629 1044 117 1952 1731 1065 976 1383 1708 35 1733 788 1118 1045 639 603 1020 1016 506 769 1097 1014 111 1398 1891 1336 236 1471 1043 906 834 1880 30 1454 859 1285 56 1022 1237 691 1934 1008 710 1798 724 679 1262 301 1520 1853 33 1850 1231 858 315 1621 151
intersection_update 91
568 1983 817 1596 1316 5 1395 1835 1218 627 858 1348 1477 1795 1245 1994 1128 299 88 293 1545 727 1377 722 566 1689 143 1424 1140 170 1701 1577 337 1870 171 749 30 800 64 443 1788 1499 253 92 486 1224 274 1346 1741 1929 652 413 7 1028 641 1074 307 1678 1320 1980 1279 619 1156 515 1564 1834 1005 1032 1814 1177 1770 208 834 338 899 46 810 15 1161 199 783 1969 1358 1602 583 540 1993 1354 1608 1522 788
symmetric_difference_update 51
1010 645 819 216 1253 1563 258 1856 19 1760 922 1408 122 1852 1582 1787 723 792 795 305 934 23 940 1243 1943 1431 1817 206 703 879 1980 954 935 1565 221 460 524 93 1395 319 654 1365 698 656 735 602 1109 83 1452 1424 31
difference_update 8
159 1993 324 1055 580 463 1515 1064
intersection_update 90
775 194 312 1532 1655 193 176 853 226 1067 912 93 612 1510 195 1063 1785 212 1193 843 642 972 1893 857 372 1039 874 1309 315 380 1440 1074 1898 1390 35 1219 1668 1420 1277 127 1113 166 1540 1199 789 856 1882 702 126 979 1480 1184 48 1954 893 197 1702 359 1197 319 1543 1956 725 959 1964 1762 1818 346 398 46 1686 455 1660 802 0 507 1704 1373 1804 846 803 215 892 1899 685 1116 1871 1384 202 726
update 27
946 1225 1612 1669 143 714 1520 827 279 641 1080 1144 1229 1125 932 745 1369 164 16 292 1792 1894 234 319 1063 378 1475
intersection_update 23
1156 1954 1940 1273 552 150 1531 1278 207 746 1633 731 1402 1232 704 1613 601 632 1320 1909 1713 137 1179
difference_update 25
1549 46 1004 1801 550 1042 1637 1739 1598 219 541 1618 1526 612 707 1875 1097 411 1203 413 793 667 1795 1280 426
update 17
1036 699 449 1474 169 1837 1675 1649 1488 459 1053 28 1415 1462 576 962 368
update 2
495 614
difference_update 13
903 659 1280 823 57 635 548 80 1445 1330 630 819 1167
difference_update 16
571 1475 372 956 1081 830 1427 1442 1799 858 473 721 1920 602 1562 1972
update 80
311 1591 154 1314 1637 574 836 1110 175 534 198 1824 1103 1822 1273 487 853 654 1135 40 1868 1305 1214 1259 325 1476 844 847 1203 104 1030 551 57 1939 933 541 1296 598 717 948 83 615 1566 595 1148 1950 1239 157 1866 1231 561 649 678 664 962 364 793 1031 1814 1486 1914 444 527 1221 1490 816 1579 1284 1658 1107 1601 949 971 1940 432 1643 553 583 204 1016
difference_update 68
1997 663 1269 217 602 870 1471 1727 1012 956 1850 837 259 931 1906 983 494 249 610 981 168 634 596 1673 473 637 172 236 1551 575 408 1661 230 1500 124 528 50 1182 932 806 1062 1156 1859 1462 1294 62 658 245 434 169 1174 1217 703 418 1911 735 84 863 1204 743 268 707 1188 1788 1417 435 1633 916
difference_update 35
71 545 1051 1014 77 1841 1022 922 615 1281 576 1374 574 96 11 631 642 938 1995 195 1256 542 182 1895 453 1360 1197 424 858 1153 356 1316 1761 1437 919
intersection_update 11
1151 1810 1224 720 182 866 1855 685 62 889 188
intersection_update 28
1415 821 935 1041 199 339 636 1349 118 1019 1874 1183 789 60 1189 1137 1071 464 1433 892 551 962 680 1000 312 915 318 1797
difference_update 50
879 444 1276 423 1438 1331 277 1942 14 275 1074 1436 244 806 1604 1948 1219 1744 304 1612 723 791 87 1918 236 1681 1971 1261 742 971 130 803 813 1000 387 805 183 770 1035 1155 1385 132 426 960 77 675 1092 199 908 1389
difference_update 7
1028 272 1117 745 589 80 1648
symmetric_difference_update 38
721 1032 1848 1921 1992 693 63 733 1444 1399 685 701 1852 1398 263 466 411 1193 629 584 975 1022 169 1249 1825 1165 1089 340 715 700 832 941 1579 134 904 1741 1050 1719
intersection_update 73
1706 402 435 270 68 587 677 1312 888 956 1817 429 846 1449 178 683 1766 1813 1150 1905 486 1908 183 1889 1761 1479 1369 465 398 989 123 112 952 690 1238 1494 474 1741 169 999 42 962 1743 293 1578 1418 1948 750 29 464 642 1037 1259 1573 1872 1614 1653 1599 1478 1506 1808 1654 1610 1305 837 1426 322 1616 668 138 1482 1181 1320
difference_update 28
556 85 552 1529 1841 1549 220 1108 1807 1872 49 1425 1683 958 347 1730 398 1130 1629 576 1934 1659 324 515 481 1930 783 1765
symmetric_difference_update 94
502 1178 519 568 333 409 259 306 1154 172 416 1594 5 1822 781 457 1573 75 1477 1636 79 1261 112 1547 1508 689 257 1494 1937 1987 299 122 401 542 183 1345 1426 1602 1244 914 355 570 153 1597 167 399 273 1839 1578 413 1134 1719 1120 1085 246 1766 39 728 1787 1186 1021 150 1798 351 771 1764 1476 1465 1226 1765 1007 1262 1059 300 1808 412 1458 494 931 883 1920 1681 620 1272 337 1340 1460 591 711 813 1921 407 1577 964
symmetric_difference_update 84
716 1893 503 376 1390 1927 949 1197 996 1473 413 1709 1535 1409 1634 1000 1670 1478 675 1801 400 1463 1358 1235 591 1721 1994 1608 1529 625 1486 1494 833 1972 1680 617 910 41 1241 1361 598 72 1557 1171 911 1668 288 536 764 75 318 1445 1238 1117 482 558 1234 1464 677 418 684 1789 673 974 1590 1681 957 1752 1491 1929 542 372 144 1623 314 168 1579 1781 402 1137 702 885 690 1247
update 39
1195 1037 1465 458 1043 1562 1606 509 1886 1160 1185 120 524 1336 337 757 193 1431 1400 748 1713 1820 1231 1716 299 1916 33 1444 1011 476 96 1841 1492 592 1297 894 1881 157 1939
difference_update 42
575 1189 1636 1359 216 1593 679 1262 361 1879 1351 1811 897 1196 475 669 1097 520 611 30 608 1731 1146 1413 585 1940 1184 1500 880 482 1619 822 1895 1287 326 529 1154 1009 524 170 683 830