875
0 3 5 6 11 12 14 15 17 18 19 24 25 26 29 30 33 34 35 36 42 44 46 47 48 49 50 51 52 53 61 62 63 66 67 68 73 74 75 76 77 79 83 84 87 88 90 96 97 99 100 101 102 103 104 106 107 108 112 113 120 122 123 124 126 127 130 135 136 137 138 139 141 146 147 148 150 151 153 154 156 157 159 162 167 168 169 170 172 173 174 180 185 188 189 196 198 202 204 208 210 211 217 218 221 224 226 234 240 242 243 245 246 249 251 255 257 262 264 272 274 275 276 278 279 282 284 286 291 293 297 298 300 302 303 304 306 307 311 314 315 316 317 319 321 322 327 328 330 338 339 340 343 347 349 353 356 357 358 359 360 361 363 367 369 371 376 377 378 381 383 384 389 391 394 397 398 404 405 406 407 409 410 411 413 414 415 418 421 423 424 426 434 436 438 439 442 443 446 447 448 449 450 452 454 456 457 459 462 465 467 469 470 474 475 476 477 478 479 482 485 487 491 492 493 496 506 507 514 515 516 517 519 521 522 523 526 528 531 532 533 534 535 536 537 538 544 547 548 549 550 554 556 559 561 563 565 566 567 569 577 578 579 580 583 584 585 586 587 590 592 593 595 596 598 599 602 603 605 609 617 620 621 623 625 626 628 630 633 634 642 647 648 649 650 651 652 654 656 657 658 663 665 668 669 671 673 674 676 680 687 688 690 692 696 697 698 703 704 706 707 709 710 715 716 717 721 723 724 725 726 729 739 741 742 743 745 746 747 748 749 752 753 755 757 758 761 762 765 766 769 772 776 782 783 784 785 787 790 791 796 797 802 803 807 808 810 811 812 818 822 826 828 831 833 834 835 836 837 841 842 843 846 850 852 853 856 859 861 862 864 865 866 867 870 873 880 881 884 888 891 892 894 899 901 902 903 906 908 910 911 917 922 924 925 926 928 930 933 934 936 939 940 943 945 948 950 954 956 960 961 963 965 970 971 973 975 977 978 980 986 991 996 997 1000 1007 1008 1009 1016 1017 1021 1022 1023 1026 1027 1028 1031 1032 1035 1037 1040 1043 1049 1050 1055 1056 1059 1060 1064 1068 1069 1070 1074 1075 1076 1077 1080 1085 1086 1088 1090 1091 1094 1095 1096 1100 1101 1102 1103 1104 1105 1106 1108 1110 1111 1112 1116 1117 1118 1120 1129 1132 1135 1137 1142 1144 1148 1150 1157 1166 1169 1172 1173 1177 1178 1181 1182 1183 1184 1185 1189 1191 1192 1193 1195 1196 1197 1199 1202 1203 1221 1224 1228 1229 1232 1239 1240 1244 1245 1249 1250 1251 1253 1254 1255 1256 1258 1260 1264 1265 1268 1272 1276 1277 1281 1284 1285 1287 1289 1290 1291 1294 1295 1297 1298 1300 1302 1303 1304 1306 1308 1309 1311 1312 1314 1317 1319 1323 1331 1333 1334 1340 1341 1342 1343 1346 1347 1348 1349 1354 1355 1357 1363 1368 1369 1371 1374 1377 1383 1387 1389 1390 1392 1393 1394 1395 1396 1397 1401 1404 1405 1408 1409 1410 1414 1415 1416 1418 1419 1421 1428 1429 1431 1432 1433 1435 1436 1438 1439 1444 1445 1446 1447 1451 1452 1455 1458 1460 1461 1465 1468 1469 1470 1476 1477 1485 1486 1489 1490 1491 1493 1495 1497 1499 1500 1503 1506 1508 1510 1511 1514 1519 1522 1524 1527 1529 1532 1533 1534 1535 1537 1538 1540 1542 1544 1549 1551 1556 1559 1562 1563 1564 1568 1569 1571 1573 1574 1575 1578 1579 1580 1584 1585 1594 1596 1597 1599 1601 1602 1603 1605 1606 1607 1608 1610 1616 1617 1619 1625 1627 1628 1629 1631 1635 1641 1643 1647 1653 1654 1656 1657 1658 1660 1666 1669 1670 1671 1674 1675 1678 1681 1682 1688 1690 1691 1692 1693 1698 1699 1703 1705 1706 1708 1712 1716 1717 1718 1719 1725 1731 1732 1736 1741 1743 1745 1746 1752 1753 1754 1756 1760 1762 1763 1766 1769 1770 1771 1772 1773 1780 1784 1787 1790 1791 1793 1795 1797 1798 1799 1800 1803 1804 1807 1809 1810 1814 1815 1817 1818 1820 1821 1824 1825 1826 1827 1828 1832 1833 1836 1839 1842 1844 1845 1846 1847 1848 1853 1854 1856 1858 1859 1860 1861 1863 1865 1867 1870 1871 1874 1879 1883 1884 1888 1891 1893 1896 1897 1903 1904 1905 1909 1911 1912 1913 1915 1918 1919 1921 1926 1927 1928 1931 1932 1933 1934 1936 1937 1938 1942 1943 1951 1953 1954 1957 1958 1959 1960 1961 1962 1966 1967 1968 1969 1970 1972 1974 1977 1981 1982 1983 1986 1987 1988 1995 1998
28
difference_update 65
1185 966 856 410 1176 1151 76 1556 373 1363 1666 1034 760 445 50 1381 939 1142 1117 1758 1461 1263 505 790 417 1733 1808 1676 459 366 534 456 1821 514 306 63 1957 1980 886 356 1785 626 1946 1600 1599 1502 1806 1058 5 573 1749 1968 423 925 1899 360 1872 1609 1175 10 1096 568 1133 1972 1941
difference_update 33
1775 205 290 578 824 1168 986 737 266 1710 650 1289 1045 899 1730 877 465 126 1517 1735 1077 1416 1189 492 702 1598 1137 1923 1261 1135 826 1410 19
symmetric_difference_update 80
115 717 1417 1219 90 994 1276 1052 1970 698 875 1691 1754 1712 1851 1012 1998 1117 1577 718 1852 1516 260 198 1260 388 1083 1150 1815 998 1118 691 120 331 1075 534 455 1746 1267 1101 825 1213 5 931 549 319 1512 113 202 1723 149 752 1113 1444 969 1175 1588 1906 41 1994 1221 408 1301 1128 554 45 1861 1001 75 1856 261 1015 233 1750 1783 400 650 947 236 1482
symmetric_difference_update 41
475 225 1489 1842 1516 969 310 1047 312 1641 1155 937 1597 1021 745 71 1781 241 607 1245 701 1017 1091 862 397 1210 1246 1878 972 1030 1197 1897 580 210 824 1058 1904 609 1375 493 163
update 87
759 1255 1432 1860 1848 203 1606 120 1840 718 101 305 1887 1845 356 163 616 816 842 401 1901 935 1943 1408 1490 1535 172 1533 758 1239 670 1693 860 1351 1668 1348 674 1680 1984 1752 1406 1942 930 833 343 1504 1793 1516 715 1616 741 168 620 1506 1754 106 941 510 1445 963 564 1819 1538 831 853 1230 1976 1686 1963 663 463 668 1666 1238 1397 1862 1745 977 654 1344 490 123 322 158 687 252 1911
update 40
1089 1125 709 939 1474 1594 1742 1112 1436 1777 430 1775 1188 351 1307 1366 668 1470 1244 1222 1245 1896 564 706 1316 1619 963 1683 1330 426 1983 506 37 1554 1723 717 335 1664 1696 1010
update 69
1742 1622 66 1563 1520 1553 298 1591 1487 1894 1888 504 1185 866 1575 1314 1965 824 466 1110 309 1010 1297 1944 1384 1425 1560 1515 714 344 985 906 114 278 1027 671 945 225 1464 916 897 408 1123 1818 177 1393 317 925 1650 1401 854 1307 1536 875 538 1635 1275 940 1595 1387 1984 934 1906 307 137 1839 334 1752 894
symmetric_difference_update 17
1379 1259 1606 1567 1135 823 1119 1990 523 1831 1747 1001 1419 1977 862 242 1968
symmetric_difference_update 10
1871 36 1420 1253 1938 1595 1501 1950 1446 458
difference_update 31
323 52 1074 1837 1292 27 197 794 1468 194 348 389 851 1238 1925 1769 1226 7 89 840 343 1136 1366 1965 1451 1385 1667 1007 1519 1688 206
difference_update 76
725 629 1740 1938 821 480 124 1578 1875 415 48 1253 1224 327 572 1545 1421 1820 649 1564 1011 913 1227 1077 166 1711 1864 91 706 1668 833 1236 1379 1957 1695 120 1069 16 673 1800 1238 1794 313 1142 1777 1833 1825 1373 81 233 1515 3 1678 998 112 982 1235 1485 1963 242 797 417 87 1331 53 1994 1932 70 1299 1218 1277 1108 1184 507 508 1532
intersection_update 46
1811 1992 1631 1127 617 1586 565 923 812 1247 1496 1907 1930 599 880 1949 996 1103 1559 81 731 89 135 507 122 1824 1377 972 702 1841 401 1632 628 1280 1246 1364 1599 1429 898 1323 27 647 443 778 733 1569
symmetric_difference_update 44
1509 1572 515 848 620 1954 898 377 1249 505 1766 115 440 1840 292 725 1212 1123 1134 155 1605 778 1099 1520 589 1052 149 1265 1550 1371 1375 1321 452 1988 1525 1938 1261 467 1181 836 1973 1372 702 382
update 30
90 1081 648 1598 195 737 1638 1201 1194 911 1459 1480 1727 168 1467 216 504 705 728 1960 1105 1440 769 1384 567 958 1 604 748 1846
symmetric_difference_update 71
1646 1276 1940 298 81 770 1916 1559 1538 1146 1473 247 1731 758 1387 1403 1655 1165 520 1364 237 1495 224 1632 1231 96 471 333 1519 1022 1224 1905 571 1606 1752 306 1511 1506 1539 1580 430 353 1641 951 1983 908 104 1625 1710 1735 1009 1805 1820 1568 1079 129 553 1872 967 1205 1429 69 562 1887 645 1438 1045 1573 577 282 425
difference_update 27
733 901 161 134 753 1926 1532 1267 1537 73 1975 131 968 1357 1181 1853 1559 1454 1336 1972 1693 684 620 1254 535 1568 1530
intersection_update 12
930 1842 156 1166 367 1746 543 439 1213 400 192 589
symmetric_difference_update 61
559 1776 822 1028 114 1924 184 1863 306 1883 148 1925 927 565 1463 244 739 1238 1481 542 1676 1748 1151 33 802 1886 464 139 776 1658 1398 1040 90 1055 1950 585 1977 1268 1893 650 1341 773 1121 911 788 220 586 297 352 1874 245 191 164 1044 621 837 80 1826 1594 1096 76
update 17
1120 669 579 630 233 402 190 1138 84 178 294 1298 375 179 875 1798 1292
intersection_update 4
1939 400 1107 569
update 19
72 304 1474 1500 465 57 808 56 869 170 1359 204 1493 1048 136 120 1236 275 248
symmetric_difference_update 92
1121 1846 1896 78 1144 1385 1629 1019 283 628 831 250 1346 1892 918 1803 1170 1130 334 1713 52 1944 15 599 646 331 1851 432 1510 657 326 430 1595 1901 1526 513 649 324 901 805 1529 1123 732 279 714 1680 1223 1012 1730 534 626 85 1551 498 931 484 60 1063 144 34 504 1509 934 1241 1552 1671 875 317 32 390 1377 1649 381 1580 945 1825 46 1431 1900 282 1818 896 788 1576 366 989 705 1767 953 276 634 4
update 14
647 497 1339 1044 1269 1051 789 1678 1695 1214 450 55 354 562
symmetric_difference_update 3
862 1749 970
difference_update 46
1977 269 1588 20 1203 208 1678 1812 1266 370 1519 78 418 822 1137 1701 550 1317 146 1667 155 719 749 296 965 506 1846 340 1831 1054 1788 1374 1456 909 852 392 39 196 160 1433 1449 72 1792 1783 1702 1758
symmetric_difference_update 4
228 227 707 951
update 48
533 1247 1949 490 1229 269 1697 945 1612 1224 1273 1465 1880 323 481 611 1519 142 381 509 0 1352 748 1407 1866 1799 1234 1567 1191 1134 1604 1344 1402 82 934 1135 1693 1392 376 1656 400 1375 88 1691 1725 737 1677 103
difference_update 70
799 1775 710 1164 1501 1155 1880 250 1810 96 1148 295 679 49 1107 302 1229 1050 1083 1480 825 86 53 672 387 287 561 962 1519 313 1292 1947 447 1728 607 1683 925 391 1790 370 890 1268 990 469 727 1129 1476 1789 1018 889 173 499 162 134 683 196 1451 1604 433 1169 1612 1304 573 333 195 952 262 458 750 554